000  7.2355322E-05  0.0000000E+00  7.6964612E-02  7.6959433E-02  7.6949753E-02  1.5390263E-02  1.5389174E-02  2.4627190E+02
001  7.1973896E-05  0.0000000E+00  7.6962827E-02  7.6957416E-02  7.6946081E-02  1.5390242E-02  1.5389176E-02  2.4627171E+02
002  7.2026751E-05  0.0000000E+00  7.6960866E-02  7.6955556E-02  7.6942457E-02  1.5390237E-02  1.5389195E-02  2.4627172E+02
003  7.2518582E-05  0.0000000E+00  7.6958900E-02  7.6953675E-02  7.6938558E-02  1.5390233E-02  1.5389202E-02  2.4627169E+02
004  7.3451925E-05  0.0000000E+00  7.6956951E-02  7.6951818E-02  7.6934731E-02  1.5390242E-02  1.5389218E-02  2.4627179E+02
005  7.4826506E-05  0.0000000E+00  7.6954953E-02  7.6949960E-02  7.6930950E-02  1.5390235E-02  1.5389222E-02  2.4627170E+02
006  7.6646654E-05  0.0000000E+00  7.6953239E-02  7.6948155E-02  7.6927185E-02  1.5390238E-02  1.5389217E-02  2.4627167E+02
007  7.8908266E-05  0.0000000E+00  7.6951492E-02  7.6946337E-02  7.6923461E-02  1.5390235E-02  1.5389211E-02  2.4627150E+02
008  8.1614280E-05  0.0000000E+00  7.6949747E-02  7.6944459E-02  7.6919940E-02  1.5390241E-02  1.5389210E-02  2.4627148E+02
009  8.4770197E-05  0.0000000E+00  7.6947883E-02  7.6942608E-02  7.6916243E-02  1.5390242E-02  1.5389216E-02  2.4627159E+02
010  8.8381966E-05  0.0000000E+00  7.6946025E-02  7.6940727E-02  7.6912320E-02  1.5390224E-02  1.5389196E-02  2.4627152E+02
011  9.2447976E-05  0.0000000E+00  7.6944268E-02  7.6938986E-02  7.6908528E-02  1.5390230E-02  1.5389213E-02  2.4627155E+02
012  9.6971444E-05  0.0000000E+00  7.6942397E-02  7.6937261E-02  7.6904688E-02  1.5390234E-02  1.5389216E-02  2.4627148E+02
013  1.0195321E-04  0.0000000E+00  7.6940390E-02  7.6935390E-02  7.6900801E-02  1.5390222E-02  1.5389213E-02  2.4627142E+02
014  1.0739760E-04  0.0000000E+00  7.6938515E-02  7.6933575E-02  7.6896943E-02  1.5390222E-02  1.5389217E-02  2.4627148E+02
015  1.1330620E-04  0.0000000E+00  7.6936643E-02  7.6931740E-02  7.6893223E-02  1.5390220E-02  1.5389222E-02  2.4627152E+02
016  1.1967700E-04  0.0000000E+00  7.6934888E-02  7.6929856E-02  7.6889408E-02  1.5390216E-02  1.5389227E-02  2.4627157E+02
017  1.2651367E-04  0.0000000E+00  7.6933151E-02  7.6928117E-02  7.6885810E-02  1.5390226E-02  1.5389232E-02  2.4627165E+02
018  1.3381302E-04  0.0000000E+00  7.6931450E-02  7.6926277E-02  7.6882152E-02  1.5390238E-02  1.5389230E-02  2.4627162E+02
019  1.4157670E-04  0.0000000E+00  7.6929664E-02  7.6924517E-02  7.6878546E-02  1.5390240E-02  1.5389224E-02  2.4627158E+02
020  1.4980797E-04  0.0000000E+00  7.6927878E-02  7.6922767E-02  7.6875092E-02  1.5390245E-02  1.5389223E-02  2.4627164E+02
021  1.5850178E-04  0.0000000E+00  7.6926077E-02  7.6921050E-02  7.6871396E-02  1.5390247E-02  1.5389230E-02  2.4627166E+02
022  1.6765905E-04  0.0000000E+00  7.6924235E-02  7.6919143E-02  7.6867800E-02  1.5390252E-02  1.5389221E-02  2.4627164E+02
023  1.7727584E-04  0.0000000E+00  7.6922501E-02  7.6917229E-02  7.6864122E-02  1.5390255E-02  1.5389220E-02  2.4627165E+02
024  1.8735272E-04  0.0000000E+00  7.6920694E-02  7.6915506E-02  7.6860686E-02  1.5390265E-02  1.5389209E-02  2.4627161E+02
025  1.9788813E-04  0.0000000E+00  7.6918984E-02  7.6913723E-02  7.6857272E-02  1.5390267E-02  1.5389200E-02  2.4627154E+02
026  2.0888204E-04  0.0000000E+00  7.6917169E-02  7.6911846E-02  7.6853411E-02  1.5390280E-02  1.5389201E-02  2.4627150E+02
027  2.2033453E-04  0.0000000E+00  7.6915496E-02  7.6910123E-02  7.6850036E-02  1.5390292E-02  1.5389210E-02  2.4627156E+02
028  2.3224505E-04  0.0000000E+00  7.6913655E-02  7.6908351E-02  7.6846352E-02  1.5390284E-02  1.5389213E-02  2.4627156E+02
029  2.4460831E-04  0.0000000E+00  7.6911865E-02  7.6906629E-02  7.6842907E-02  1.5390289E-02  1.5389209E-02  2.4627158E+02
030  2.5742514E-04  0.0000000E+00  7.6909996E-02  7.6904831E-02  7.6839519E-02  1.5390297E-02  1.5389203E-02  2.4627148E+02
031  2.7069701E-04  0.0000000E+00  7.6908337E-02  7.6903297E-02  7.6836342E-02  1.5390303E-02  1.5389207E-02  2.4627141E+02
032  2.8441870E-04  0.0000000E+00  7.6906446E-02  7.6901701E-02  7.6832790E-02  1.5390314E-02  1.5389184E-02  2.4627137E+02
033  2.9858766E-04  0.0000000E+00  7.6904735E-02  7.6899846E-02  7.6829265E-02  1.5390310E-02  1.5389185E-02  2.4627129E+02
034  3.1320285E-04  0.0000000E+00  7.6902997E-02  7.6898129E-02  7.6825910E-02  1.5390288E-02  1.5389167E-02  2.4627112E+02
035  3.2826419E-04  0.0000000E+00  7.6901286E-02  7.6896386E-02  7.6822567E-02  1.5390295E-02  1.5389187E-02  2.4627132E+02
036  3.4376658E-04  0.0000000E+00  7.6899651E-02  7.6894730E-02  7.6819292E-02  1.5390287E-02  1.5389193E-02  2.4627121E+02
037  3.5970794E-04  0.0000000E+00  7.6897791E-02  7.6893062E-02  7.6816128E-02  1.5390282E-02  1.5389189E-02  2.4627111E+02
038  3.7608429E-04  0.0000000E+00  7.6895958E-02  7.6891348E-02  7.6813004E-02  1.5390286E-02  1.5389193E-02  2.4627103E+02
039  3.9289358E-04  0.0000000E+00  7.6894228E-02  7.6889643E-02  7.6809870E-02  1.5390284E-02  1.5389194E-02  2.4627111E+02
040  4.1013287E-04  0.0000000E+00  7.6892486E-02  7.6887892E-02  7.6806710E-02  1.5390283E-02  1.5389199E-02  2.4627101E+02
041  4.2780201E-04  0.0000000E+00  7.6890714E-02  7.6886173E-02  7.6803554E-02  1.5390285E-02  1.5389201E-02  2.4627096E+02
042  4.4589314E-04  0.0000000E+00  7.6889052E-02  7.6884439E-02  7.6800240E-02  1.5390264E-02  1.5389195E-02  2.4627078E+02
043  4.6440607E-04  0.0000000E+00  7.6887504E-02  7.6882795E-02  7.6797278E-02  1.5390252E-02  1.5389189E-02  2.4627070E+02
044  4.8333962E-04  0.0000000E+00  7.6885876E-02  7.6881023E-02  7.6794190E-02  1.5390244E-02  1.5389176E-02  2.4627070E+02
045  5.0268932E-04  0.0000000E+00  7.6884102E-02  7.6879423E-02  7.6791395E-02  1.5390280E-02  1.5389175E-02  2.4627080E+02
046  5.2245117E-04  0.0000000E+00  7.6882237E-02  7.6877713E-02  7.6788576E-02  1.5390289E-02  1.5389185E-02  2.4627091E+02
047  5.4262021E-04  0.0000000E+00  7.6880510E-02  7.6875841E-02  7.6785638E-02  1.5390302E-02  1.5389184E-02  2.4627091E+02
048  5.6319195E-04  0.0000000E+00  7.6878823E-02  7.6874172E-02  7.6783004E-02  1.5390278E-02  1.5389167E-02  2.4627080E+02
049  5.8416196E-04  0.0000000E+00  7.6877128E-02  7.6872513E-02  7.6780506E-02  1.5390272E-02  1.5389164E-02  2.4627077E+02
050  6.0552839E-04  0.0000000E+00  7.6875567E-02  7.6870990E-02  7.6777972E-02  1.5390280E-02  1.5389157E-02  2.4627080E+02
051  6.2728711E-04  0.0000000E+00  7.6873858E-02  7.6869287E-02  7.6775265E-02  1.5390276E-02  1.5389161E-02  2.4627083E+02
052  6.4943301E-04  0.0000000E+00  7.6872115E-02  7.6867608E-02  7.6772901E-02  1.5390267E-02  1.5389150E-02  2.4627084E+02
053  6.7196339E-04  0.0000000E+00  7.6870480E-02  7.6866019E-02  7.6770816E-02  1.5390251E-02  1.5389160E-02  2.4627073E+02
054  6.9487736E-04  0.0000000E+00  7.6868800E-02  7.6864349E-02  7.6768466E-02  1.5390239E-02  1.5389138E-02  2.4627066E+02
055  7.1816612E-04  0.0000000E+00  7.6867146E-02  7.6862611E-02  7.6766260E-02  1.5390218E-02  1.5389148E-02  2.4627073E+02
056  7.4182310E-04  0.0000000E+00  7.6865439E-02  7.6860971E-02  7.6763970E-02  1.5390222E-02  1.5389162E-02  2.4627080E+02
057  7.6584402E-04  0.0000000E+00  7.6863789E-02  7.6859402E-02  7.6761867E-02  1.5390215E-02  1.5389162E-02  2.4627067E+02
058  7.9022437E-04  0.0000000E+00  7.6862180E-02  7.6857858E-02  7.6760013E-02  1.5390219E-02  1.5389167E-02  2.4627070E+02
059  8.1495942E-04  0.0000000E+00  7.6860494E-02  7.6856277E-02  7.6758220E-02  1.5390204E-02  1.5389160E-02  2.4627060E+02
060  8.4004448E-04  0.0000000E+00  7.6858955E-02  7.6854664E-02  7.6756707E-02  1.5390196E-02  1.5389167E-02  2.4627064E+02
061  8.6547435E-04  0.0000000E+00  7.6857221E-02  7.6852982E-02  7.6755246E-02  1.5390191E-02  1.5389152E-02  2.4627066E+02
062  8.9124332E-04  0.0000000E+00  7.6855536E-02  7.6851334E-02  7.6753581E-02  1.5390196E-02  1.5389170E-02  2.4627065E+02
063  9.1734565E-04  0.0000000E+00  7.6853918E-02  7.6849695E-02  7.6752131E-02  1.5390191E-02  1.5389172E-02  2.4627065E+02
064  9.4377685E-04  0.0000000E+00  7.6852291E-02  7.6848070E-02  7.6750979E-02  1.5390199E-02  1.5389173E-02  2.4627061E+02
065  9.7052943E-04  0.0000000E+00  7.6850655E-02  7.6846428E-02  7.6749839E-02  1.5390205E-02  1.5389159E-02  2.4627053E+02
066  9.9759995E-04  0.0000000E+00  7.6849086E-02  7.6844790E-02  7.6748718E-02  1.5390219E-02  1.5389170E-02  2.4627062E+02
067  1.0249814E-03  0.0000000E+00  7.6847506E-02  7.6843123E-02  7.6747727E-02  1.5390231E-02  1.5389165E-02  2.4627056E+02
068  1.0526697E-03  0.0000000E+00  7.6845972E-02  7.6841609E-02  7.6746968E-02  1.5390214E-02  1.5389173E-02  2.4627060E+02
069  1.0806581E-03  0.0000000E+00  7.6844344E-02  7.6840040E-02  7.6746202E-02  1.5390218E-02  1.5389188E-02  2.4627066E+02
070  1.1089418E-03  0.0000000E+00  7.6842543E-02  7.6838544E-02  7.6745698E-02  1.5390207E-02  1.5389205E-02  2.4627072E+02
071  1.1375110E-03  0.0000000E+00  7.6840874E-02  7.6836861E-02  7.6745339E-02  1.5390215E-02  1.5389211E-02  2.4627074E+02
072  1.1663638E-03  0.0000000E+00  7.6839362E-02  7.6835367E-02  7.6745234E-02  1.5390226E-02  1.5389207E-02  2.4627074E+02
073  1.1954925E-03  0.0000000E+00  7.6837841E-02  7.6833844E-02  7.6745296E-02  1.5390209E-02  1.5389236E-02  2.4627079E+02
074  1.2248899E-03  0.0000000E+00  7.6836345E-02  7.6832299E-02  7.6745432E-02  1.5390212E-02  1.5389240E-02  2.4627070E+02
075  1.2545497E-03  0.0000000E+00  7.6834949E-02  7.6830824E-02  7.6745805E-02  1.5390213E-02  1.5389260E-02  2.4627075E+02
076  1.2844677E-03  0.0000000E+00  7.6833470E-02  7.6829224E-02  7.6746308E-02  1.5390188E-02  1.5389253E-02  2.4627063E+02
077  1.3146330E-03  0.0000000E+00  7.6831898E-02  7.6827669E-02  7.6747108E-02  1.5390187E-02  1.5389252E-02  2.4627054E+02
078  1.3450373E-03  0.0000000E+00  7.6830578E-02  7.6826285E-02  7.6748036E-02  1.5390205E-02  1.5389264E-02  2.4627058E+02
079  1.3756759E-03  0.0000000E+00  7.6829076E-02  7.6824888E-02  7.6749091E-02  1.5390183E-02  1.5389258E-02  2.4627046E+02
080  1.4065471E-03  0.0000000E+00  7.6827526E-02  7.6823370E-02  7.6750290E-02  1.5390172E-02  1.5389275E-02  2.4627048E+02
081  1.4376403E-03  0.0000000E+00  7.6826083E-02  7.6821856E-02  7.6751813E-02  1.5390172E-02  1.5389263E-02  2.4627044E+02
082  1.4689493E-03  0.0000000E+00  7.6824633E-02  7.6820337E-02  7.6753519E-02  1.5390172E-02  1.5389275E-02  2.4627048E+02
083  1.5004625E-03  0.0000000E+00  7.6823096E-02  7.6818831E-02  7.6755306E-02  1.5390172E-02  1.5389268E-02  2.4627047E+02
084  1.5321704E-03  0.0000000E+00  7.6821759E-02  7.6817376E-02  7.6757474E-02  1.5390156E-02  1.5389263E-02  2.4627026E+02
085  1.5640706E-03  0.0000000E+00  7.6820278E-02  7.6815939E-02  7.6759827E-02  1.5390140E-02  1.5389259E-02  2.4627031E+02
086  1.5961567E-03  0.0000000E+00  7.6818826E-02  7.6814597E-02  7.6762433E-02  1.5390138E-02  1.5389253E-02  2.4627026E+02
087  1.6284212E-03  0.0000000E+00  7.6817314E-02  7.6813247E-02  7.6765287E-02  1.5390144E-02  1.5389253E-02  2.4627019E+02
088  1.6608568E-03  0.0000000E+00  7.6815866E-02  7.6811882E-02  7.6768469E-02  1.5390140E-02  1.5389257E-02  2.4627012E+02
089  1.6934537E-03  0.0000000E+00  7.6814368E-02  7.6810329E-02  7.6771229E-02  1.5390119E-02  1.5389248E-02  2.4626992E+02
090  1.7262064E-03  0.0000000E+00  7.6812985E-02  7.6808859E-02  7.6774705E-02  1.5390118E-02  1.5389238E-02  2.4626984E+02
091  1.7591073E-03  0.0000000E+00  7.6811651E-02  7.6807492E-02  7.6778605E-02  1.5390117E-02  1.5389233E-02  2.4626983E+02
092  1.7921508E-03  0.0000000E+00  7.6810217E-02  7.6806171E-02  7.6782663E-02  1.5390107E-02  1.5389226E-02  2.4626976E+02
093  1.8253294E-03  0.0000000E+00  7.6808792E-02  7.6804788E-02  7.6786982E-02  1.5390110E-02  1.5389237E-02  2.4626979E+02
094  1.8586368E-03  0.0000000E+00  7.6807409E-02  7.6803437E-02  7.6791638E-02  1.5390103E-02  1.5389241E-02  2.4626973E+02
095  1.8920652E-03  0.0000000E+00  7.6806109E-02  7.6802058E-02  7.6796490E-02  1.5390106E-02  1.5389243E-02  2.4626979E+02
096  1.9256056E-03  0.0000000E+00  7.6804846E-02  7.6800693E-02  7.6801444E-02  1.5390102E-02  1.5389247E-02  2.4626972E+02
097  1.9592525E-03  0.0000000E+00  7.6803516E-02  7.6799421E-02  7.6806821E-02  1.5390105E-02  1.5389231E-02  2.4626964E+02
098  1.9929999E-03  0.0000000E+00  7.6802342E-02  7.6798003E-02  7.6812466E-02  1.5390093E-02  1.5389229E-02  2.4626958E+02
099  2.0268373E-03  0.0000000E+00  7.6801116E-02  7.6796796E-02  7.6818566E-02  1.5390102E-02  1.5389237E-02  2.4626962E+02
100  2.0607571E-03  0.0000000E+00  7.6797857E-02  7.6793551E-02  7.6821114E-02  1.5389860E-02  1.5389002E-02  2.4626577E+02
